8 5 6 7 1 4 2 3
1 2
14 9 12 11 8 10 7 5 6 13 1 15 3 2 4
3 2 5 4 1
8 5 1 3 6 2 7 4
10 8 7 4 5 2 3 1 6 9
20 19 16 2 8 10 15 14 13 12 11 9 7 18 6 5 4 3 1 17
21 19 17 16 14 13 3 12 11 10 9 8 7 18 6 15 5 4 2 20 1
3 2 1
4 2 5 3 6 7 1
15 6 14 1 13 4 3 12 10 9 8 5 2 11 16 7
12 11 7 10 8 5 13 6 4 3 2 14 9 1
5 4 3 1 2
3 4 1 2
12 10 8 7 1 5 2 6 11 4 9 3
18 17 5 15 14 13 4 12 11 9 10 16 8 7 6 3 2 1
2 3 1
16 11 14 13 12 8 15 6 5 2 1 17 7 9 10 3 4
9 8 7 2 6 12 11 4 3 10 5 1
19 18 17 16 15 14 11 1 13 12 10 9 8 7 6 5 4 3 2
13 1 10 6 5 4 2 12 3 7 9 8 11
14 12 5 11 10 8 6 3 2 13 9 1 4 15 7
13 10 7 12 4 3 6 5 2 11 8 9 1
8 6 10 2 5 9 1 7 11 3 4
5 6 1 2 7 3 4 8
17 5 16 9 15 7 14 12 3 11 2 10 8 6 4 13 1
4 3 1 2
1 2
16 13 11 12 15 9 5 4 7 10 1 6 8 3 14 2
14 11 6 4 15 9 1 10 2 5 3 8 13 7 12
17 14 5 12 18 11 8 10 9 3 13 16 19 2 6 7 4 1 15
20 19 18 17 16 13 12 15 7 11 2 4 10 8 5 6 9 3 1 14 21
2 5 3 1 6 9 4 7 8
6 3 7 5 2 4 1
20 18 17 19 16 15 14 13 12 11 7 10 9 8 6 5 4 3 2 1
1 7 8 6 2 5 3 10 4 9
13 10 9 15 3 11 4 7 6 5 14 8 2 1 12
12 10 11 8 4 3 2 1 7 5 9 6
12 11 10 9 8 7 6 5 4 3 2 13 1
1 2 3
1 2 6 4 5 3
13 12 9 5 10 11 6 3 2 1 4 14 8 7
17 15 6 2 14 13 10 11 5 9 4 16 12 1 8 3 7
8 2 4 6 1 7 5 3
15 11 2 18 8 16 4 17 14 5 13 9 10 6 3 12 7 1
11 10 8 7 3 2 6 4 5 1 12 9
1 3 2
8 6 4 10 5 3 9 2 7 11 1
11 6 8 7 3 13 15 10 14 20 12 18 1 9 16 5 19 4 17 2
5 4 3 7 1 2 6
12 6 5 1 3 8 4 2 13 11 7 9 10
2 3 1
14 13 12 11 9 8 7 6 5 4 10 3 2 1
10 8 12 1 6 4 5 3 11 9 2 7
20 17 15 16 9 4 5 1 3 14 13 11 10 18 12 8 7 19 2 6
17 16 11 15 13 2 10 7 5 8 3 14 6 4 1 9 12
1 2 3 5 4
2 1 5 4 7 6 3
5 2 4 1 3 7 6 8
21 19 20 1 18 17 14 13 12 16 11 6 10 9 8 5 4 7 3 15 2
5 2 4 1 6 3
1 4 3 2
21 20 19 14 16 15 11 12 10 1 9 6 4 5 13 7 17 18 3 2 8
14 13 12 5 10 9 8 6 4 11 7 3 1 2
6 8 3 7 2 4 1 5
18 16 15 14 13 17 1 11 19 2 10 12 9 8 7 3 6 5 20 4
2 1 3 4 6 5
16 15 10 8 5 9 6 1 3 13 7 12 17 14 11 4 2
11 8 6 10 4 3 7 2 9 12 1 5
11 3 6 4 9 2 7 10 1 5 8
19 13 18 10 17 20 7 2 16 6 12 11 8 9 5 4 14 3 1 15
1 5 4 2 3
5 2 4 1 3
9 13 6 12 7 8 11 4 3 1 10 2 5
5 6 8 1 9 11 4 3 7 12 10 2 13
17 15 14 8 2 13 12 11 18 6 9 7 10 5 4 16 19 3 1
20 19 14 2 15 18 13 12 11 8 9 7 10 17 4 6 16 21 1 5 3
17 13 16 12 1 9 8 7 21 3 19 14 2 15 4 5 10 18 11 20 6
7 5 4 3 6 1 2
3 2 1
6 5 1 2 4 3
20 19 4 18 17 16 12 11 6 9 8 15 2 10 7 13 14 1 5 3
2 1
6 9 1 5 2 10 3 4 7 8
10 9 8 11 7 6 5 4 3 2 1
13 11 10 9 12 6 4 3 7 5 8 2 1
6 4 5 1 7 9 3 8 2
4 5 3 6 2 7 1
20 18 16 19 15 14 13 11 10 9 8 7 6 5 4 3 17 12 1 2
10 9 8 7 5 13 2 4 3 1 12 11 6
5 1 8 9 3 4 2 10 6 7
17 18 16 6 15 14 12 11 10 19 2 9 8 5 4 13 3 1 7
3 1 7 4 6 2 5
18 15 10 11 3 9 12 17 2 13 4 7 6 14 8 16 5 1
6 5 7 2 4 3 9 10 1 8
18 12 10 9 8 7 14 6 3 4 16 15 13 5 2 11 17 1
14 13 12 10 7 6 5 4 3 11 2 8 9 1
12 3 1 11 10 6 8 4 5 9 2 7
19 18 17 2 6 12 11 15 14 9 1 13 10 3 7 16 5 8 4 20
4 1 6 5 3 2
