23 3
17 9 -27 -14 -10 -33 24 42 0 5 -29 63 29 53 10 -18 -24 -16 26 -10 13 33 6
-2 55 63 40 34 21 42 38 -28 37 45 -8 62 -2 50 -10 -15 42 -5 -18 5 34 26
-27 45 45 33 21 44 52 13 28 42 10 2 62 65 -21 35 23 50 -34 2 -2 -1 38
-26 18 14 4 34 6 -28 46 13 3 25 33 59 3 19 58 -34 47 3 2 44 54 -33
13 64 4 13 0 -12 -2 -28 -3 2 21 35 22 13 -7 3 12 -17 14 -21 28 52 -15
20 4 -34 9 -8 44 50 46 43 48 -16 43 34 6 -25 40 37 64 47 58 20 46 38
9 -7 7 58 58 21 -4 -23 -25 34 30 -29 12 8 7 -8 -14 41 10 15 9 3 24
35 26 -26 17 -29 -19 -3 43 24 -24 36 -32 21 -9 -2 -16 52 18 48 9 65 -9 50
-9 63 -23 -12 12 -28 25 22 42 -15 -17 45 -10 -2 -24 19 8 39 -11 11 -6 14 43
12 53 -4 -5 -4 47 -28 -19 -28 21 44 -6 19 51 53 27 27 25 44 6 49 -24 -32
3 19 -7 -22 64 21 -21 -7 20 -34 -25 1 -4 56 59 63 15 14 42 43 19 27 -17
-20 40 42 59 32 -23 21 34 -34 26 14 -21 -24 -31 -8 4 -25 44 65 10 -26 56 3
-28 5 3 48 34 56 61 3 -29 -13 -21 16 53 43 23 -27 43 -16 21 8 46 25 -14
36 -14 64 36 31 25 -22 -32 31 -31 6 65 37 48 60 27 5 -19 40 55 20 -31 65
27 47 35 -17 41 15 -6 14 -14 14 12 8 -21 -29 -28 34 -12 -25 26 -13 -2 8 33
59 48 0 -14 -11 54 -11 -12 -32 22 9 -15 50 59 65 -2 31 65 -4 25 -21 54 31
-1 -24 40 59 50 24 53 -31 18 35 4 -10 11 44 13 -15 -2 22 29 17 6 22 -32
38 39 -32 -32 -2 33 8 63 -34 19 -11 11 55 -1 50 58 3 -28 48 27 17 -21 27
36 11 -17 -1 15 23 7 17 47 -20 19 1 64 38 44 13 -10 49 36 35 38 -30 20
-18 7 26 65 21 29 30 -18 -1 -25 -1 -15 -24 8 26 28 -11 41 33 24 -9 6 54
39 -18 37 9 52 61 65 58 -22 59 -30 29 14 -15 -7 -18 18 54 15 37 65 9 50
-21 32 25 -2 42 50 -10 31 -25 7 54 19 45 50 -30 37 62 15 -7 -23 15 12 4
31 16 44 32 40 -5 -25 24 8 -7 -17 -7 22 19 17 39 29 58 27 34 37 11 -10
0 0