4 10 30 39 22
1 22 27 16 22
11 13 29 43 47
41 28 13 23 26
30 22 11 3 26
17 33 28 28 1
10 10 32 36 24
46 26 19 43 3
17 10 33 20 35
7 9 40 1 9
28 36 14 44 42
30 34 11 48 12
38 14 33 40 8
1 18 31 16 10
19 15 13 35 30
24 27 14 46 11
19 23 8 7 24
25 49 1 22 50
32 18 7 10 48
35 9 16 41 47
13 8 47 12 12
24 8 27 39 42
23 16 22 18 28
43 31 50 36 16
37 1 9 36 50
37 1 18 23 38
11 46 33 43 44
1 5 39 41 1
39 46 33 11 42
25 25 19 35 26
12 42 13 48 13
47 2 42 22 43
7 17 2 11 21
3 19 4 22 15
15 5 31 31 10
39 1 33 43 36
32 26 28 40 38
32 13 26 2 12
20 5 9 24 18
7 40 38 30 30
48 44 23 43 9
6 15 47 40 2
18 2 46 35 10
18 12 20 36 35
26 50 40 35 29
23 19 12 29 12
22 8 50 21 38
11 46 42 48 21
37 21 17 7 3
38 16 42 1 38
37 24 49 15 47
27 17 41 24 28
5 30 36 48 9
36 26 13 9 26
17 33 23 8 24
11 29 43 24 30
47 47 11 37 27
43 25 12 35 9
21 8 50 1 42
34 33 16 45 37
14 26 13 6 15
46 31 1 25 13
38 42 9 46 36
11 50 27 24 16
22 32 35 25 20
28 1 31 48 28
32 43 12 6 6
3 26 2 44 9
26 11 3 26 4
40 44 18 46 7
11 26 15 14 5
4 5 2 33 3
42 4 30 15 8
1 44 17 27 14
27 43 18 32 40
36 6 20 15 4
17 37 17 50 40
6 50 5 6 3
4 21 48 41 32
41 4 27 16 37
3 45 17 32 8
5 2 37 12 3
2 12 40 25 4
2 3 17 17 5
5 45 29 31 29
47 6 4 6 5
31 16 3 35 2
21 39 32 41 13
1 11 50 26 9
9 17 21 42 5
12 26 30 43 10
3 2 3 34 49
38 13 26 22 15
45 5 33 12 27
36 14 42 18 41
25 35 50 36 10
4 9 8 16 2
38 11 21 23 14
28 38 17 3 12
5 32 3 15 21
19 43 10 16 37
37 38 18 35 2
31 47 43 33 3
31 38 26 4 32
47 40 22 31 32
17 1 6 34 43
5 18 16 35 40
12 33 8 15 27
1 18 24 18 5
36 12 33 16 48
36 45 18 3 33
2 6 16 17 46
4 20 7 50 32
20 30 11 13 37
29 40 15 23 28
50 22 2 29 8
12 4 41 29 29
48 48 2 33 29
38 45 49 7 13
42 5 50 36 22
2 40 30 33 37
42 9 41 43 16
27 36 27 39 36
25 48 24 16 27
30 37 35 18 47
44 42 4 6 41
20 48 4 48 9
34 30 44 41 38
34 41 50 24 28
18 13 42 28 20
44 2 25 2 47
46 1 44 45 4
22 7 4 33 12
32 15 11 44 48
43 47 24 28 28
23 14 9 34 20
12 25 27 39 35
44 17 6 41 35
33 44 33 42 23
44 20 29 6 8
30 2 32 33 48
16 37 17 7 38
18 6 9 28 10
1 1 44 34 18
16 31 24 17 4
26 41 10 14 32
9 18 38 33 46
48 32 32 33 34
41 14 2 13 47
9 40 15 50 44
38 13 6 13 8
19 40 17 28 4
4 40 2 23 33
27 23 34 47 3
25 12 19 44 33
18 35 13 1 24
1 39 15 30 49
12 49 5 25 6
34 12 2 32 32
6 44 21 15 22
37 12 27 6 50
39 50 35 37 47
39 9 50 16 20
2 40 41 38 25
40 45 14 26 33
30 43 17 49 38
4 2 45 3 24
25 27 25 29 21
32 22 1 8 26
31 36 44 18 18
8 39 48 47 31
4 32 45 43 41
50 8 5 37 49
17 11 16 45 18
22 26 10 23 30
45 38 21 11 14
13 48 1 42 40
39 5 44 43 35
32 38 45 47 23
15 19 32 34 15
39 6 8 2 2
47 31 43 36 20
49 42 15 9 22
41 10 23 18 34
30 18 24 45 29
9 14 29 6 41
19 33 39 44 21
12 47 43 6 48
33 4 9 38 32
11 37 22 28 35
43 5 31 7 33
34 44 26 8 1
42 44 15 1 23
36 14 2 27 9
23 30 32 18 9
1 41 22 5 35
9 30 7 41 39
11 43 42 16 40
32 4 48 48 29
40 16 49 30 26
13 1 27 47 6
46 9 28 41 34
8 43 12 46 26
2 11 12 30 28
20 20 16 14 31
7 6 11 29 35
49 32 15 15 48
2 17 9 18 2
14 44 43 5 20
7 7 32 26 50
21 4 7 11 43
22 23 45 28 50
13 29 9 25 30
49 32 48 5 11
5 30 36 35 50
40 40 11 22 6
42 36 33 37 38
49 3 40 24 38
49 3 18 12 38
1 25 32 19 49
13 19 46 34 10
34 3 49 33 25
6 24 14 3 32
46 16 22 13 5
41 39 4 5 25
20 1 32 19 32
43 1 11 41 11
15 27 25 16 26
4 46 37 44 43
21 11 35 11 36
34 47 42 4 25
23 37 50 29 22
34 15 40 5 29
8 28 19 9 16
43 14 1 45 19
19 38 45 43 36
15 9 1 27 20
1 2 22 45 14
25 4 38 1 13
7 18 45 32 21
28 3 3 42 28
16 1 41 43 33
43 43 40 38 38
16 16 50 42 31
34 42 45 26 31
17 35 13 2 10
22 25 17 6 36
32 1 25 21 23
5 19 17 36 38
37 50 7 19 25
38 25 50 1 14
38 16 24 22 45
30 21 18 38 43
22 31 21 7 29
21 15 18 11 24
15 10 9 22 18
25 41 32 26 5
28 8 5 21 48
36 13 24 29 39
42 9 9 7 37
39 16 6 1 29
24 8 28 20 21
47 13 10 50 19
20 46 39 36 3
28 38 35 24 41
20 30 17 25 21
41 33 32 47 36
23 20 16 44 20
50 7 21 16 1
1 39 30 46 44
1 40 3 9 19
3 44 16 23 9
15 18 39 14 10
23 34 20 8 2
47 42 42 3 34
10 32 48 39 35
17 48 10 42 19
20 11 29 25 49
1 6 46 25 19
25 16 48 10 34
30 7 15 37 3
43 19 27 38 22
3 20 31 11 4
12 40 26 30 21
41 38 39 49 15
24 42 46 29 26
3 49 11 5 18
18 3 8 23 32
44 10 29 30 17
8 45 9 42 29
30 37 16 41 13
47 47 1 33 39
33 43 27 40 39
3 44 20 15 28
7 11 2 8 26
4 37 5 5 33
49 37 14 33 12
45 20 30 22 6
17 12 30 32 4
19 50 3 5 23
4 19 17 30 40
3 40 10 2 30
25 21 5 27 40
39 13 22 32 31
23 36 45 9 17
38 26 14 8 16
43 36 6 33 26
50 13 31 50 49
18 3 19 17 49
26 1 9 40 48
5 28 3 7 40
17 26 15 41 1
15 5 47 1 4
36 8 24 17 12
6 42 31 35 27
2 45 16 10 25
24 47 27 47 40
38 2 47 20 19
11 27 46 18 48
28 25 19 18 39
8 45 38 30 40
29 8 34 24 3
12 17 47 12 26
45 22 3 37 19
46 19 15 4 25
7 34 9 28 10
48 4 32 22 34
43 18 9 36 49
13 11 49 18 39
14 9 37 28 5
30 47 8 32 41
12 25 29 43 37
27 4 11 49 17
44 23 37 31 4
28 23 33 5 2
46 21 11 25 1
26 6 32 20 28
49 47 20 5 50
49 9 14 42 43
21 6 15 42 9
30 48 30 12 33
1 16 16 17 18
31 8 8 18 33
31 5 14 28 25
35 20 23 36 19
25 38 50 24 31
15 24 38 37 20
44 8 44 27 18
50 45 29 1 4
6 49 27 23 40
47 31 11 20 34
31 34 5 48 22
15 40 43 40 46
14 33 12 2 42
15 8 32 19 7
38 8 49 1 27
11 33 34 30 39
32 23 28 7 45
10 10 6 35 13
16 41 41 31 21
23 5 22 50 30
16 49 8 21 31
35 40 17 11 33
40 18 15 34 12
3 8 46 47 1
49 10 16 18 10
8 2 24 44 36
25 10 25 6 8
29 32 8 1 30
3 3 28 32 3
13 42 47 30 5
19 4 49 19 37
16 3 5 17 31
47 50 30 28 42
40 15 34 41 41
29 35 9 17 1
26 20 36 35 41
44 41 27 47 41
14 49 39 18 20
25 46 38 30 46
30 42 49 42 39
39 29 32 18 39
47 6 45 32 24
19 3 7 20 26
1 36 13 44 35
50 48 10 42 23
23 36 17 40 15
43 43 10 22 35
36 8 40 21 20
21 48 22 28 11
36 34 22 35 28
32 40 10 4 49
50 7 29 22 48
42 30 45 2 44
32 42 41 34 32
49 25 27 1 8
13 41 40 24 39
28 33 46 1 6
34 5 37 7 40
30 15 42 31 22
45 44 7 1 41
19 24 14 27 36
43 49 14 2 8
33 1 47 25 26
38 1 39 50 6
42 17 45 41 25
34 17 42 28 45
50 6 46 33 7
30 23 18 23 1
39 33 3 1 28
44 34 41 37 3
13 15 35 36 50
34 16 47 6 26
50 11 35 41 36
42 39 28 47 49
28 50 16 50 33
46 3 21 19 9
8 43 2 8 6
11 40 50 15 20
46 31 42 5 46
26 4 46 26 50
43 32 40 6 16
17 44 9 28 10
23 20 29 35 32
48 11 48 37 18
29 18 10 37 2
33 25 27 26 30
48 20 12 45 21
19 28 45 5 38
37 5 8 12 36
40 21 45 41 30
29 33 22 9 17
8 50 50 14 14
13 23 40 28 17
5 44 48 16 2
3 38 2 48 21
19 46 15 39 22
16 15 3 20 27
16 11 46 20 6
35 20 8 31 30
6 7 3 15 29
48 11 1 36 30
8 43 32 8 24
34 43 46 33 5
18 43 11 29 37
43 38 35 7 1
29 46 5 12 46
6 6 33 14 9
9 33 32 41 29
40 32 22 34 36
9 4 23 36 17
11 43 28 30 39
30 42 35 26 31
27 41 33 12 33
10 8 21 10 8
46 31 13 13 9
26 9 41 50 15
8 29 4 40 28
2 20 50 34 36
49 6 49 16 3
28 4 8 6 31
21 31 40 49 40
1 13 44 49 12
43 10 50 33 23
5 21 32 20 2
21 12 18 23 13
39 18 12 7 9
20 40 39 22 49
30 22 20 3 20
25 45 48 11 26
45 6 48 46 22
4 4 34 14 43
44 42 24 31 10
2 32 47 13 45
36 38 21 6 38
46 2 43 13 4
50 22 46 14 28
2 5 46 20 18
40 45 47 7 50
6 7 36 6 11
48 43 11 18 13
42 34 16 29 2
23 39 22 48 27
36 36 46 38 37
47 5 40 31 5
13 44 38 3 21
22 47 20 39 32
31 40 50 21 29
20 48 37 46 25
30 19 42 32 29
16 8 16 38 35
2 8 5 30 48
28 47 1 2 24
4 25 7 46 28
41 36 17 5 30
50 20 32 48 9
1 40 16 30 46
44 12 4 32 19
29 14 2 44 34
25 40 50 8 24
28 10 8 4 35
33 46 22 42 22
11 26 27 15 8
38 42 43 6 32
16 6 42 32 4
41 23 41 43 38
9 30 38 45 42
17 43 24 33 5
45 36 27 27 29
42 27 44 33 26
39 44 13 7 3
22 20 3 5 12
33 11 23 17 4
5 7 16 33 30
7 43 14 48 28
35 45 4 50 49
18 38 3 14 46
25 21 10 15 12
38 49 32 6 27
34 35 27 3 13
9 18 28 26 1
6 3 15 6 36
36 2 31 1 29
50 36 29 5 42
49 44 3 16 43
10 15 41 30 4
8 43 28 10 48
14 43 40 44 18
43 49 13 3 14
16 7 1 31 46
37 49 14 44 4
12 11 33 32 3
13 31 1 35 4
35 15 14 37 7
6 42 17 32 4
22 4 4 38 47
12 37 32 35 50
10 2 41 41 29
14 8 1 31 39
1 38 31 45 47
29 44 2 15 11
47 5 22 21 9
12 26 14 24 34
28 18 13 22 41
16 4 35 13 37
36 11 20 11 43
24 40 39 50 36
19 40 19 26 4
25 7 12 23 14
15 31 36 37 31
4 19 19 6 15
33 4 12 42 44
9 47 30 29 39
21 18 36 39 3
44 39 36 37 6
44 33 7 31 5
28 10 43 3 29
40 37 14 39 16
46 12 8 9 37
30 6 46 29 40
5 21 30 15 37
15 12 47 11 40
41 41 35 17 49
45 26 43 23 20
39 2 31 36 23
21 11 2 16 18
24 18 10 37 25
39 17 45 19 7
14 26 36 42 9
32 34 4 41 25
3 31 43 30 1
21 48 20 39 48
40 12 30 30 30
22 26 50 5 34
1 49 25 5 19
11 43 29 6 36
8 33 23 32 30
30 14 42 41 18
1 26 9 46 21
9 35 34 20 3
19 5 22 33 9
26 44 27 41 48
31 46 45 1 14
20 44 11 37 47
39 44 12 22 4
22 27 42 17 21
5 30 23 45 46
28 2 20 23 9
48 33 32 43 31
18 47 2 21 4
47 27 26 4 6
50 42 11 41 22
7 9 14 14 6
35 7 13 49 8
24 45 23 22 18
1 27 11 16 45
35 5 17 19 32
45 4 2 37 44
35 9 9 46 9
25 20 37 14 1
18 38 14 2 27
27 19 23 46 3
46 17 7 16 7
10 36 4 29 14
16 35 22 50 22
10 48 7 24 28
38 2 1 1 40
23 33 21 21 42
28 18 31 41 39
41 30 11 33 43
47 1 47 12 50
3 3 7 36 7
49 41 33 22 37
23 41 2 12 26
14 33 44 19 17
25 34 9 11 44
17 34 30 4 20
37 44 21 11 44
5 12 1 50 40
12 35 30 22 49
30 48 13 34 11
26 26 8 39 35
8 35 1 7 37
40 43 33 12 8
39 5 47 26 46
26 18 18 35 2
26 24 37 25 37
3 45 1 44 14
39 29 16 40 4
44 20 25 47 21
8 24 48 45 30
34 18 42 11 26
43 20 27 42 27
47 49 44 1 17
45 18 26 41 25
44 24 36 50 18
37 24 4 14 34
25 21 48 8 42
22 32 32 31 6
46 12 13 46 40
13 30 2 21 39
31 14 20 35 8
9 29 19 2 2
45 4 38 25 8
30 29 26 43 29
39 35 8 25 31
48 2 5 12 34
24 39 8 29 42
12 20 35 37 31
39 38 32 31 8
23 38 32 8 9
5 17 41 5 17
21 46 44 22 30
49 7 1 16 27
47 19 14 27 24
45 5 8 14 22
25 40 15 9 13
5 48 42 24 23
19 9 33 30 6
47 15 48 31 41
22 43 2 45 10
10 7 13 23 47
44 21 8 6 38
17 48 50 34 34
40 7 3 17 48
9 3 23 31 48
44 32 29 23 47
21 46 49 32 37
23 26 26 34 33
4 50 4 22 20
43 36 49 8 31
6 2 10 19 15
28 46 22 4 46
15 20 19 43 28
2 46 41 20 21
21 27 29 2 16
32 22 40 31 8
30 17 41 14 36
39 5 32 30 44
5 39 28 25 20
2 27 50 39 36
22 29 31 36 40
32 21 20 41 28
46 12 43 42 2
48 27 36 5 36
17 6 3 41 30
34 13 46 44 4
11 13 26 37 28
10 13 1 44 12
17 38 39 30 49
42 22 13 9 29
41 32 13 49 18
36 4 15 14 26
39 1 47 20 45
18 16 39 26 39
28 29 27 3 8
36 10 11 27 11
15 47 40 35 8
11 32 29 17 19
36 3 40 6 42
50 2 4 40 31
25 44 8 11 48
30 23 4 7 16
22 36 50 17 35
38 4 32 41 42
1 34 45 14 49
21 44 21 16 4
5 15 46 44 18
38 21 3 12 1
47 28 28 15 4
10 14 34 6 30
12 37 23 18 13
24 40 17 20 11
35 24 36 9 25
44 46 6 7 47
8 36 32 13 20
23 48 2 40 31
44 14 37 42 13
6 8 29 49 23
33 1 22 44 8
16 17 40 27 30
2 26 1 38 4
3 42 23 2 29
25 21 20 31 21
31 3 47 36 37
17 2 2 44 20
29 16 6 31 29
44 38 26 36 25
6 26 5 14 16
18 2 13 5 33
29 17 7 12 36
20 44 26 13 33
17 26 13 8 34
29 42 33 1 3
6 10 41 20 50
17 24 10 22 4
31 20 4 14 33
15 36 37 27 22
11 17 26 4 48
11 47 40 48 48
46 15 4 10 35
13 39 28 20 26
30 7 37 37 20
39 26 46 9 42
25 46 19 18 37
6 5 39 7 26
33 22 6 26 47
9 6 41 28 11
2 34 4 3 47
43 14 4 47 10
45 25 44 9 32
45 28 41 48 48
32 5 31 32 48
44 20 42 24 34
25 28 50 30 32
40 14 25 22 16
43 49 12 17 10
26 26 36 30 41
24 16 22 1 5
35 47 9 49 8
38 46 24 18 8
43 27 23 41 5
18 30 27 27 49
45 22 11 9 26
1 31 20 9 14
23 21 33 38 49
14 34 23 48 38
45 19 49 11 8
23 5 5 14 16
18 22 33 29 1
40 43 49 3 47
17 49 30 50 38
18 5 19 11 32
44 27 42 29 3
29 23 24 31 29
45 36 16 23 35
28 50 43 44 18
20 41 34 29 23
5 50 15 32 3
48 45 37 38 17
27 44 11 23 4
26 27 45 32 29
21 18 3 42 42
12 24 13 44 26
28 38 34 21 31
4 22 23 30 17
47 38 30 7 30
5 1 12 48 40
40 13 14 40 37
19 50 35 9 12
7 27 14 46 19
30 7 49 41 16
5 35 36 12 30
31 2 24 50 49
2 46 45 20 32
23 3 33 41 47
23 12 50 13 49
23 34 34 42 36
48 46 18 30 6
2 31 45 48 48
40 30 47 45 22
39 30 30 31 34
24 23 28 10 31
7 26 18 14 3
36 23 16 5 10
35 23 35 7 35
47 16 15 33 17
11 34 1 33 44
5 32 50 34 10
6 50 25 48 41
38 45 34 13 6
12 31 4 31 49
20 8 40 14 37
31 43 39 33 2
32 21 27 34 31
11 8 5 2 49
45 11 16 48 30
1 46 3 7 38
46 36 11 44 28
14 33 25 38 42
45 5 21 11 30
25 42 45 38 5
50 36 47 48 50
10 20 24 7 32
21 28 43 7 50
35 2 26 42 25
20 33 8 30 4
42 5 32 38 18
9 30 44 36 32
8 7 6 9 13
27 13 18 46 20
2 45 49 37 40
36 6 3 21 36
26 6 40 29 33
24 13 7 14 1
42 26 8 18 11
43 29 7 14 40
9 40 12 25 28
7 17 25 26 8
14 23 34 6 46
37 3 16 42 8
48 41 23 46 43
27 16 5 23 41
4 43 16 20 11
17 45 30 14 12
36 32 11 33 19
50 14 17 4 44
47 39 46 39 1
47 37 25 14 8
44 44 13 13 41
23 42 35 4 18
39 18 7 29 48
28 42 1 18 4
31 7 42 22 10
38 6 10 27 36
44 24 15 23 26
35 11 32 31 23
42 44 45 10 3
32 1 7 33 10
16 10 35 4 19
6 9 44 35 2
41 10 40 12 48
11 34 21 32 24
10 36 45 27 37
12 27 38 32 43
36 19 16 16 17
48 2 25 8 35
5 41 48 49 37
8 29 21 16 47
49 43 25 15 10
24 17 45 9 33
13 1 34 1 44
36 15 27 27 12
36 13 11 27 14
43 22 14 37 45
22 27 32 44 4
14 8 46 26 26
23 26 10 28 22
33 12 49 44 4
19 31 38 24 44
1 32 17 42 12
23 47 22 7 23
44 31 46 36 25
22 6 31 18 25
15 12 35 5 5
20 18 34 9 27
31 36 5 46 17
50 7 25 34 30
9 17 24 39 41
39 2 36 22 30
45 49 10 22 12
9 17 3 16 50
45 11 33 24 11
18 6 19 44 10
30 34 18 15 9
1 17 19 17 2
10 13 6 25 32
29 41 43 36 30
30 46 39 21 26
21 6 29 19 32
32 4 37 31 48
1 14 34 10 17
41 14 4 2 42
39 3 33 40 37
35 46 48 40 22
4 7 42 48 16
40 8 7 8 34
48 26 8 38 29
47 7 16 28 14
25 37 20 23 7
14 25 42 38 34
26 45 10 1 18
40 49 28 18 9
31 40 43 10 5
47 43 41 26 38
21 48 38 32 28
37 45 47 15 27
35 23 9 32 7
31 30 22 28 19
2 43 50 47 16
42 28 49 42 7
33 49 47 24 42
20 7 9 6 19
16 5 1 13 5
4 21 30 41 48
21 3 9 16 43
8 6 8 16 6
34 32 6 30 38
6 14 32 50 30
50 5 31 44 37
21 17 10 44 14
48 35 18 47 15
28 22 48 19 6
3 38 10 26 14
8 32 2 40 10
31 2 33 4 21
1 11 48 18 31
6 20 27 49 29
49 38 27 8 15
7 20 3 28 2
38 42 35 14 42
11 44 5 10 47
8 34 1 30 34
34 21 31 42 32
11 50 29 20 30
29 43 2 21 28
17 47 42 6 36
7 2 7 5 5
45 16 39 16 42
42 27 42 31 41
32 42 24 37 41
30 32 37 34 37
21 2 1 10 16
30 35 33 50 16
10 6 13 9 11
26 14 46 8 39
47 2 42 47 3
24 16 25 17 17
50 18 34 12 21
29 29 16 25 6
42 43 27 23 34
11 1 14 13 27
31 11 38 24 48
22 32 41 47 50
33 44 9 6 33
47 1 35 19 11
32 27 40 24 31
31 23 3 5 34
40 39 48 48 17
6 25 38 21 31
16 2 24 17 9
43 6 38 3 24
7 30 33 50 39
50 28 22 21 8
5 48 32 16 18
16 29 20 24 12
17 28 23 41 14
41 39 39 41 25
6 9 43 40 17
9 33 1 1 41
8 6 16 20 39
38 46 38 34 17
47 26 9 28 13
50 6 32 23 28
6 32 6 47 8
24 7 22 43 1
14 16 50 31 39
18 42 7 23 25
23 29 32 9 36
33 16 14 9 38
21 6 18 45 35
18 18 22 46 29
48 50 28 19 39
40 32 28 23 13
37 35 7 40 17
16 48 28 42 35
1 38 24 15 3
39 22 9 27 48
25 12 27 13 35
14 16 26 7 26
0 0 0 0 0
